000, 101 -> 001;
000, 102 -> 002;
001, 110 -> 000;
001, 112 -> 002;
001, 202 -> 021;
002, 120 -> 000;
002, 121 -> 001;
002, 201 -> 012;
010, 102 -> 012;
010, 101 -> 011;
010, 212 -> 020;
011, 112 -> 012;
011, 110 -> 010;
011, 301 -> 211;
012, 210 -> 002;
012, 120 -> 010;
012, 121 -> 011;
020, 101 -> 021;
020, 102 -> 022;
020, 221 -> 010;
021, 220 -> 001;
021, 112 -> 022;
021, 110 -> 020;
022, 121 -> 021;
022, 120 -> 020;
022, 301 -> 122;
100, 101-> 101;
100, 102 -> 102;
100, 312 -> 200;
101, 202 -> 121;
101, 112 -> 102;
101, 110 -> 100;
102, 121 -> 101;
102, 120 -> 100;
102, 201 -> 112;
110, 212 -> 120;
110, 101 -> 111;
110, 102 -> 112;
111, 110 -> 110;
111, 112 -> 112;
112, 120 -> 110;
112, 121 -> 111;
112, 210 -> 102;
120, 102 -> 122;
120, 101 -> 121;
120, 221 -> 110;
121, 112 -> 122;
121, 110 -> 120;
121, 220 -> 101;
122, 310 -> 022;
122, 120 -> 120;
122, 121 -> 121;
200, 102 -> 202;
200, 101 -> 201;
200, 321 -> 100;
201, 112 -> 202;
201, 110 -> 200;
201, 202 -> 221;
202, 201 -> 212;
202, 120 -> 200;
202, 121 -> 201;
210, 101 -> 211;
210, 102 -> 212;
210, 212 -> 220;
211, 320 -> 011;
211, 112 -> 212;
211, 110 -> 210;
212, 120 -> 210;
212, 210 -> 202;
212, 121 -> 211;
220, 221 -> 210;
220, 101 -> 221;
220, 102 -> 222;
221, 110 -> 220;
221, 112 -> 222;
221, 220 -> 201;
222, 120 -> 220;
222, 121 -> 221;
